best_thr=0.011932549066841602
Acc=0.8342786778750594
Prec=0.6915883138816767
Recall=0.8495958876536711
F1=0.762492357289756
